637 000 081
020 003 000
000 017 430

296 400 570
000 762 000
080 000 620

060 020 000
309 000 060
002 000 009

Expert 1:

002 047 003
090 050 070
600 300 800

086 002 014
040 000 030
100 000 500

001 068 007
060 010 020
900 500 100

Nightmare 1:

000 409 000
090 000 050
003 605 400

906 000 104
000 301 000
080 000 070

300 000 008
600 107 005
020 000 030

Expert #2:

403 007 201
905 030 708
000 400 000

004 002 009
070 000 080
200 900 500

107 009 806
308 070 104
000 300 000